    0.0110091794
    0.0113202726
    0.0142013512
    0.0084544644
    0.0148103105
    0.0152886910
    0.0110091794
    0.0113202726
    0.0108422153
    0.0150298028
    0.0161118964
    0.0140089149
    0.0055503748
    0.0142560721
    0.0170827778
    0.0174093263
    0.0138868140
    0.0181344245
    0.0155866631
    0.0178305363
    0.0173644680
    0.0173644680
    0.0174093263
    0.0138868140
    0.0181344245
    0.0155866631
    0.0178305363
    0.0161118964
    0.0140089149
    0.0055503748
    0.0142560721
    0.0170827778
    0.0108422153
    0.0150298028
    0.0123686933
    0.0077087138
    0.0138393510
    0.0130174073
    0.0060756260
   -0.0157636359
    0.0138393510
    0.0130174073
    0.0060756260
   -0.0157636359
    0.0123686933
    0.0077087138
    0.0149093175
    0.0030160475
    0.0052747855
    0.0030160475
    0.0052747855
    0.0149093175
   -0.0006677232
    0.0130015455
   -0.0065803014
   -0.0132347242
   -0.0104093474
   -0.0219708357
   -0.0065410976
    0.0017751877
   -0.0202525343
   -0.0223714904
   -0.0104093474
   -0.0219708357
   -0.0065410976
    0.0130015455
   -0.0065803014
   -0.0132347242
   -0.0006677232
    0.0247883135
    0.0276887545
    0.0006722980
    0.0338186779
    0.0388251403
    0.0264584104
    0.0006722980
    0.0338186779
    0.0388251403
    0.0264584104
    0.0247883135
    0.0276887545
   -0.0185398284
   -0.0321462818
   -0.0378790232
   -0.0266383559
   -0.0263390320
   -0.0447396685
   -0.0472827106
   -0.0437830301
   -0.0288991533
   -0.0442624086
   -0.0502919781
   -0.0492417757
   -0.0450685767
   -0.0287717666
   -0.0263390320
   -0.0447396685
   -0.0472827106
   -0.0437830301
   -0.0288991533
   -0.0321462818
   -0.0378790232
   -0.0266383559
   -0.0185398284
    0.0090144690
    0.0074750047
    0.0120253575
    0.0120253575
    0.0090144690
    0.0074750047
    0.0131276366
    0.0069151240
    0.0117611467
    0.0132430237
    0.0135260312
    0.0116890021
    0.0078717956
    0.0126222262
    0.0142107928
    0.0138836979
    0.0117256334
    0.0119322184
    0.0135247360
    0.0124085566
    0.0142321744
    0.0135213503
    0.0135213503
    0.0138836979
    0.0117256334
    0.0119322184
    0.0135247360
    0.0124085566
    0.0142321744
    0.0135260312
    0.0116890021
    0.0078717956
    0.0126222262
    0.0142107928
    0.0131276366
    0.0069151240
    0.0117611467
    0.0132430237
    0.0063546941
   -0.0000756419
    0.0112272839
    0.0095689862
    0.0046258540
   -0.0080926235
    0.0116335883
    0.0106613201
    0.0073555800
   -0.0015721477
    0.0112272839
    0.0095689862
    0.0046258540
   -0.0080926235
    0.0063546941
   -0.0000756419
    0.0090441855
    0.0014337405
    0.0024986818
    0.0014337405
    0.0024986818
    0.0090441855
    0.0017721658
    0.0082909013
   -0.0026173070
   -0.0057488395
   -0.0061209269
   -0.0128611751
   -0.0039679434
   -0.0149690151
   -0.0127189362
   -0.0039679434
   -0.0149690151
   -0.0127189362
   -0.0061209269
   -0.0128611751
    0.0082909013
   -0.0026173070
   -0.0057488395
    0.0017721658
    0.0107799589
    0.0206727710
    0.0139962933
    0.0161538961
    0.0274849827
    0.0258028186
    0.0126885020
    0.0194884994
    0.0297704859
    0.0293291310
    0.0202273567
    0.0161538961
    0.0274849827
    0.0258028186
    0.0126885020
    0.0107799589
    0.0206727710
    0.0139962933
   -0.0131139860
   -0.0227933120
   -0.0276535010
   -0.0186148439
   -0.0181989910
   -0.0327699543
   -0.0359917796
   -0.0326678087
   -0.0197215920
   -0.0307392005
   -0.0386913894
   -0.0395639012
   -0.0369391477
   -0.0283326445
   -0.0020561695
   -0.0307392005
   -0.0386913894
   -0.0395639012
   -0.0369391477
   -0.0283326445
   -0.0020561695
   -0.0181989910
   -0.0327699543
   -0.0359917796
   -0.0326678087
   -0.0197215920
   -0.0227933120
   -0.0276535010
   -0.0186148439
   -0.0131139860
    0.0075375795
    0.0053384419
    0.0087015631
   -0.0039741842
    0.0106677837
    0.0103188398
    0.0005642937
    0.0084676934
    0.0109716551
    0.0109847939
    0.0106677837
    0.0087015631
   -0.0039741842
    0.0075375795
    0.0053384419
    0.0065333159
    0.0102135853
    0.0114147586
    0.0114109259
    0.0101606607
    0.0070406306
    0.0106240185
    0.0118154150
    0.0114056383
    0.0094955536
    0.0090697631
    0.0104921216
    0.0096861938
    0.0115128610
    0.0108550991
    0.0108550991
    0.0114056383
    0.0094955536
    0.0090697631
    0.0104921216
    0.0096861938
    0.0115128610
    0.0114109259
    0.0101606607
    0.0070406306
    0.0106240185
    0.0118154150
    0.0065333159
    0.0102135853
    0.0114147586
    0.0047344072
    0.0097491155
    0.0078172831
    0.0037833559
   -0.0056025556
    0.0099996822
    0.0086698178
    0.0057744100
   -0.0010423530
   -0.0173690712
    0.0097491155
    0.0078172831
    0.0037833559
   -0.0056025556
    0.0047344072
    0.0058626300
    0.0007544045
    0.0012387770
    0.0007544045
    0.0012387770
    0.0058626300
    0.0027434864
    0.0070977886
   -0.0003567608
   -0.0021993621
    0.0053947077
   -0.0057624514
   -0.0073487791
    0.0081542530
   -0.0051563622
   -0.0105287728
   -0.0064585514
    0.0081542530
   -0.0051563622
   -0.0105287728
   -0.0064585514
    0.0053947077
   -0.0057624514
   -0.0073487791
    0.0070977886
   -0.0003567608
   -0.0021993621
    0.0027434864
    0.0057825279
    0.0154110160
    0.0013821374
    0.0177690146
    0.0217845734
    0.0173925817
    0.0046391664
    0.0198103230
    0.0238994273
    0.0210353761
    0.0013821374
    0.0177690146
    0.0217845734
    0.0173925817
    0.0057825279
    0.0154110160
   -0.0095168700
   -0.0174349182
   -0.0217096506
   -0.0137015436
   -0.0112286920
   -0.0243046883
   -0.0288465682
   -0.0277560073
   -0.0208372287
   -0.0036917683
   -0.0214129270
   -0.0300841552
   -0.0323057707
   -0.0310403882
   -0.0259641262
   -0.0123567851
   -0.0214129270
   -0.0300841552
   -0.0323057707
   -0.0310403882
   -0.0259641262
   -0.0123567851
   -0.0112286920
   -0.0243046883
   -0.0288465682
   -0.0277560073
   -0.0208372287
   -0.0036917683
   -0.0174349182
   -0.0217096506
   -0.0137015436
   -0.0095168700
    0.0062383806
    0.0039508979
    0.0072912892
    0.0035218836
   -0.0031696780
    0.0094892071
    0.0082491751
    0.0090746493
    0.0028723961
    0.0097627317
    0.0090746493
    0.0028723961
    0.0097627317
    0.0094892071
    0.0082491751
    0.0072912892
    0.0035218836
   -0.0031696780
    0.0062383806
    0.0039508979
    0.0099405041
    0.0015853053
    0.0069126293
    0.0092528423
    0.0100322474
    0.0097876205
    0.0086920509
    0.0029815951
    0.0064867968
    0.0090893611
    0.0100642365
    0.0095064048
    0.0079941676
    0.0072395616
    0.0082367120
    0.0081484278
    0.0095175765
    0.0088798284
    0.0088798284
    0.0095064048
    0.0079941676
    0.0072395616
    0.0082367120
    0.0081484278
    0.0095175765
    0.0097876205
    0.0086920509
    0.0029815951
    0.0064867968
    0.0090893611
    0.0100642365
    0.0099405041
    0.0015853053
    0.0069126293
    0.0092528423
    0.0100322474
    0.0038054684
    0.0062099583
    0.0023829424
   -0.0053455972
    0.0087393948
    0.0072240918
    0.0046809863
   -0.0005049262
   -0.0115158963
    0.0087393948
    0.0072240918
    0.0046809863
   -0.0005049262
   -0.0115158963
    0.0062099583
    0.0023829424
   -0.0053455972
    0.0038054684
    0.0039997263
    0.0004056925
   -0.0053194577
    0.0006075342
    0.0039193196
    0.0004056925
   -0.0053194577
    0.0006075342
    0.0039193196
    0.0039997263
    0.0029761818
    0.0050154636
    0.0009132530
    0.0002871823
    0.0093860147
    0.0013412266
   -0.0037923700
   -0.0026306411
    0.0027184019
   -0.0045581232
   -0.0064222260
   -0.0015928199
    0.0068247580
   -0.0021711034
   -0.0068642587
   -0.0064451941
    0.0027184019
   -0.0045581232
   -0.0064222260
   -0.0015928199
    0.0093860147
    0.0013412266
   -0.0037923700
   -0.0026306411
    0.0050154636
    0.0009132530
    0.0002871823
    0.0029761818
    0.0037790286
    0.0108714421
    0.0125400164
    0.0160754907
    0.0129017257
    0.0104716093
    0.0175661457
    0.0184207647
    0.0144616059
    0.0104716093
    0.0175661457
    0.0184207647
    0.0144616059
    0.0125400164
    0.0160754907
    0.0129017257
    0.0037790286
    0.0108714421
   -0.0071141278
   -0.0129408427
   -0.0163600390
   -0.0101747708
   -0.0171556757
   -0.0218875036
   -0.0223090020
   -0.0188486901
   -0.0103294169
   -0.0147306352
   -0.0227268991
   -0.0257330402
   -0.0255952680
   -0.0226635584
   -0.0153473661
    0.0004880306
   -0.0214385059
   -0.0259105602
   -0.0270935455
   -0.0260733249
   -0.0226168683
   -0.0148243886
   -0.0147306352
   -0.0227268991
   -0.0257330402
   -0.0255952680
   -0.0226635584
   -0.0153473661
    0.0004880306
   -0.0171556757
   -0.0218875036
   -0.0223090020
   -0.0188486901
   -0.0103294169
   -0.0129408427
   -0.0163600390
   -0.0101747708
   -0.0071141278
